0

51
2 3 4 6 8 9 11 12 13 16 17 18 20 21 22 23 24 34 35 36 38 40 41 43 44 45 48 49 50 52 53 54 55 56 66 67 68 70 72 73 75 76 77 80 81 82 84 85 86 87 88 
33
3 4 6 7 9 10 11 14 16 19 21 35 36 38 39 41 42 43 46 48 51 53 67 68 70 71 73 74 75 78 80 83 85 
0

0

51
1 3 4 6 10 13 16 17 18 19 20 21 22 23 24 25 26 33 35 36 38 42 45 48 49 50 51 52 53 54 55 56 57 58 65 67 68 70 74 77 80 81 82 83 84 85 86 87 88 89 90 
33
3 4 5 7 9 11 12 13 16 18 20 35 36 37 39 41 43 44 45 48 50 52 67 68 69 71 73 75 76 77 80 82 84 
